2
49749
50077
50065
50070
50055
50053
50327
49843
50072
50080
50086
50075
50080
50077
50082
50078
50077
50077
50080
50091
50081
50068
50076
50085
50077
50077
50098
50060
50095
50071
50107
50047
50080
50076
50082
50078
50077
50077
50080
50091
50083
50071
50080
50077
50080
50079
50101
50061
50078
50093
50079
50075
50081
50077
50081
50079
50081
50078
50080
50093
50112
50060
50077
50077
50080
50078
50113
50065
50080
50095
50084
50077
50081
50077
50082
50078
50083
50074
50082
50130
50092
50068
50102
50070
50079
50078
50116
50075
50104
50074
50086
50078
50081
50078
50081
50078
50083
50075
50081
50101
50076
50074
50080
50078
50081
50077
50123
50071
50080
50093
50080
50074
50080
50077
50081
50077
50081
50091
50081
50098
50089
50072
50090
50069
50078
50082
50116
50073
50080
50092
50080
50075
50081
50078
50080
50077
50080
50079
50078
50092
50096
50077
50099
50081
50081
50078
50106
50108
50114
50081
50079
50075
50082
50078
50081
50078
50081
50078
50208
50087
50158
52604
50072
50055
50060
50063
50062
50057
50054
50060
50053
50057
50065
50060
50059
50058
50059
50057
50065
50058
50080
50051
50057
50058
50058
50058
50066
50050
50058
50060
50056
50057
50057
50058
50058
50058
50058
50058
50074
50056
50057
50053
50058
50059
50058
50058
50062
50059
50067
50056
50054
50057
50057
50063
50052
50056
50059
50057
50067
50052
50058
50057
50058
50058
50058
50057
50068
50049
50057
50062
50055
50057
50058
50057
50058
50058
50058
50058
50063
50054
50059
50059
50058
50058
50058
50058
50069
50048
50056
50061
50055
50057
50058
50064
50054
50057
50058
50058
50069
50061
50067
50085
50085
50070
50079
50079
50106
50066
50092
50076
50076
50074
50082
50079
50079
50078
50081
50077
50107
50067
50080
50074
50083
50077
50081
50078
50098
50068
50078
50088
50073
50074
50080
50078
50080
50078
50083
50077
50097
50076
50153
50066
50081
50080
50081
50078
50102
50066
50078
50088
50074
50075
50080
50077
50082
50075
50081
50077
50134
50055
50145
50060
50105
50323
49910
50073
50108
50084
50085
50100
50085
50074
50082
50075
50084
50077
50082
50078
50096
50070
50078
50079
50083
50078
50081
50077
50103
50078
50082
50088
50089
50080
50109
50071
50076
50079
50081
50078
50084
50092
50085
50080
50084
50077
50099
50076
50101
50081
50082
50090
50088
50080
50086
50072
50082
50099
50087
50078
50083
50106
50075
50076
50106
50069
50079
50078
50097
50094
50069
50089
50085
50076
50082
50083
50077
50080
50081
50079
50115
50077
50082
50078
50082
50078
50081
50079
50108
50084
50081
50094
50081
50077
50081
50084
50075
50078
50083
50090
50089
50126
50104
50070
50081
50077
50081
50081
50108
50074
50078
50092
50078
50073
50082
50079
50088
50073
50091
50072
50084
50094
50080
50074
50107
50068
50081
50077
50116
50066
50076
50096
50084
50075
50081
50077
50088
50073
50081
50079
50082
50081
50080
50078
50081
50077
50084
50077
50112
50069
50079
50094
50082
50077
50080
50078
50081
50083
50076
50079
50094
50096
50078
50076
50081
50078
50082
50077
50097
50084
50081
50083
50086
50079
50082
50078
50083
50082
50075
50078
50107
50077
50082
50075
50100
50078
50080
50078
50115
50078
50080
50099
50080
50075
50081
50078
50081
50087
50093
50075
50098
50078
50081
50078
50101
50084
50105
50074
50100
50082
50082
50088
50086
50079
50081
50078
50081
50079
50088
50073
50100
50100
50068
50075
50081
50077
50081
50077
50100
50081
50079
50089
50085
50078
50081
50084
50086
50078
50086
50071
50094
50085
50086
50077
50097
50074
50099
50077
50095
50092
50085
50102
50094
50074
50082
50079
50081
50078
50082
50081
50092
50067
50078
50076
50080
50077
50081
50087
50089
50078
50082
50087
50087
50078
50081
50078
50081
50077
50081
50082
50078
50080
50085
50076
50082
50077
50081
50089
50088
50080
50083
50083
50086
50074
50081
50078
50081
50078
50081
50078
50087
50081
50085
50076
50081
50097
50081
50100
50089
50081
50091
50094
50079
50076
50081
50078
50081
50082
50076
50078
50089
50074
50082
50095
50082
50076
50081
50112
50082
50077
50094
50081
50082
50078
50081
50080
50081
50078
50081
50077
50095
50099
50080
50075
50079
50076
50080
50112
50082
50077
50089
50069
50077
50076
50081
50077
50081
50078
50081
50077
50084
50094
50081
50088
50081
49937
50154
50070
50085
50087
50101
50090
50078
50075
50081
50080
50115
50075
50087
50077
50085
50078
50084
50076
50085
50079
50081
50101
50090
50097
50079
50075
50083
50076
50079
50078
50082
50078
50092
50092
50086
50081
50086
50073
50100
50080
50078
50111
50080
50076
50549
50072
50071
50073
50077
50084
50079
50080
50081
50079
50093
50120
50044
50073
50083
50094
50076
50098
50075
50075
50097
50085
50076
50076
50082
50078
50080
50078
50081
50078
50094
50079
50084
50079
50077
50079
50080
50105
50072
50077
50095
50075
50084
50078
50080
50078
50081
50078
50080
50076
50081
50106
50066
50075
50077
50078
50083
50103
50073
50074
50093
50076
50079
50075
50081
50078
50080
50079
50080
50081
50089
50102
50075
50073
50105
50070
50082
50106
50078
50074
50095
50090
50075
50074
50082
50077
50081
50078
50081
50087
50072
50076
50081
50077
50088
50073
50081
50106
50076
50076
50096
50075
50080
50079
50084
50077
50081
50078
50081
50078
50084
50078
50082
50078
50083
50082
50075
50100
50075
50075
50095
50075
50080
50077
50096
50076
50080
50078
50081
50080
50101
50071
50076
50095
50075
50077
50077
50098
50082
50076
50088
50092
50075
50077
50078
50076
50081
50077
50081
50080
50081
50079
50081
50116
50056
50065
50080
50093
50079
50075
50088
50080
50083
50078
50081
50077
50082
50077
50081
50090
50071
50102
50067
50072
50080
50078
50083
50097
50071
50071
50096
50072
50083
50078
50081
50077
50085
50076
50081
50079
50100
50081
50080
50079
50103
50071
50080
50093
50081
50077
50097
50080
50076
50073
50081
50078
50082
50077
50081
50079
50080
50076
50081
50077
50081
50077
50083
50108
50080
50075
50100
50076
50081
50077
50081
50084
50089
50077
50080
50085
50077
50074
50080
50077
50081
50077
50081
50106
50081
50076
50097
50077
50080
50077
50081
50076
50077
50077
50081
50090
50098
50075
50101
50075
50079
50079
50080
50097
50086
50073
50100
50076
50104
50070
50080
50079
50080
50079
50082
50078
50083
